G***:1
J101:1
R101:1
